$ANSIBLE_VAULT;1.1;AES256
65343734373935333534356339363834393032613635333563316562376161343839623233363038
3965363637313363336562623233323662323630326338310a346166336136353666313734643039
65363138326162623431643864383933646263323631343662653035343132613738643862356539
3334376261613965340a613433323331646235396330363330343866633662313831313238366536
64656363386639646539303133313635356433346639306164343565653666663264663965363264
36343535626531313838323764346337386632636332653134386466626639613332613537643561
66663964653864313562633035663335323635366539313166633465626364633537623038323535
66383635356639373766343532303832663532383033616338383561626232626563633833366165
39343731623836326233383565336436303662393131303032373535323965376334623135643531
33656636363436373131316361303864613562656462636635653937336664343864373237383431
61386635616137336262313262616133636238653131353463643231306238386637666635353030
31353732336334376435326131366634346365363365663732373365626136343636333737616532
6231
