$ANSIBLE_VAULT;1.1;AES256
31373264323565393365613835306332323639303031323136366338336139366264613034616235
6163313433653262323236396666633464353162323061640a636535363539363462356430366136
38666166663336646530666635333562333934663834646162313961666565326263366661343835
6436653936303038310a643137333835313133303139343766303931353463396466336565323239
36616565363731353038386435626231373234346464613038333833646462616162666263613433
35613332663563626439333861623134323864356231393666666362643833353836363631326565
65646134613634333839343233653339333038363130336334633166383837633963383265386635
36323930346439656465326535356430326165623666626363353733303239376362323362306138
34373231613330643237613565643939386139666137653831363366663631333534623163393462
39623430656263323562386234376162633961376433323836383630303639616634373363646435
64306633383066656366663164333634316533653532386663343566613265613038626336393633
33383438393034646562653366616532653136346437346432386531313336346135373133326663
3730
