$ANSIBLE_VAULT;1.1;AES256
63656436333262623537356531633136656635613964616364386132323035616433393537653062
6561323032616261333837656438656531363234666166380a343738636434326239326331336338
36626138343461356565323766346633373534306265393532353562643531626363636466396534
6163376431646238320a393735343138356166303161643935663862303730616330313964386337
61393235623036353864383030633030363330386264343664616134353434653434623463653035
65366134633236356530346232633234366638376638393265626332383834386638333033373236
31306265646132386533633438666266306334396336396537353234313630636335623539666336
65623065373235646537373330336131336334363139353636646634376261366639386664316334
66303164616163616633383065633665373438366237623866366635323837636366633236343933
64346330333161643132663632633133376561363432653362306337356664623064616234626337
32613864636633316664356334313863333163633233653930303431303931303262306564393561
33333364623261313763
