$ANSIBLE_VAULT;1.1;AES256
38666631643938623437303534333866303839383361326364623431653334306566356334643762
3464633263626633613637663666376439323763633765640a613962613431613030303331366566
37323332343937633464633666333230333263623630376166373339613138633735356235383566
3535313732323938390a363931663033306666616431313938366561303730633339336338376430
31386464613564653235323161333666633631366465366631373363666563363734373361326534
37306339613566646439663461656632386366663738363832623137363336333435343165383331
62373531393366373561366365653139653539323537616561663335343933646464636564383330
36363730303935376666366136383937623562623030303466316365643966366330663533333762
66616130343531373039316432653130306162663439303563326635306339316530383634363361
64353564373233393335353733336437383966333662323734636265396463653966376564653666
38663261326635346635376532666565626139313762366365373064393064393636353638653062
38386134663666356462
