$ANSIBLE_VAULT;1.1;AES256
61623061396331323335396434346432616432656633666238303665653564636231316162366438
3161656434336434633731666634313332313931303762310a353330313265303636346132343664
32366234646431326538326234643536306536343836393137393634386534353131666462376633
3464383138323238360a366539663239303562616662373432616539636230666439646234613437
30393438663630333232636665633730376338646539326239306230326361646630376461646663
63363438323434616338303231353737353463353534376633653263396631393633313930376533
38363564363733323731393161343636643731336535383365343539613936666539626634643461
37336236353830353262303738666431313239646232393765653437636433393532323936333563
66343430643161666438323163306664663766316336626466636439396437343531656134363466
63613036633435616165393732663263666663346431613038353361373836343363303863356363
39643865366562613262333733656338333865643662393731313239306535646166663338653761
33346530383334393462383435306666656236323738336431363466356533336161656531373165
3163
