$ANSIBLE_VAULT;1.1;AES256
36366231333337356635356632623262666165653338313365353865616465356438663730323265
3636616235343433376263656332373864303039376131620a313236323861633561643362636265
34323039653866336562303638333131303235323331393063333835666237356264396131616266
6337396539643931640a613336663130366536616364636631393262326266666565373461653135
61646163653237306665366561366435656363613034313232386563373461643363393930366634
62616166316231336164316466363731616563353862323236323362656433353333646231343937
33353564343432383133396635643962343337633839373636393834323966663236633864663737
61383563343939393838393238313565303938376232663765343831666432333565656464323335
66613866393764346665323836353061643364383830353461616265396464666134616137636330
31343039656639666137386561306334316132326536623931306131663639343839623465353334
34326130383837643638643831323166396366616232366232386162396339303234616537323630
33663430373732616365653638646462633538353932666265623930623031633939303266323162
3236
